global Maj MinH MinMA MinMD PentaM Pentam
%Gammes
Maj = [0 2 4 5 7 9 11];
MinH = [0 2 3 5 7 8 11];
MinMA = [0 2 3 5 7 9 11];
MinMD = [0 2 3 5 7 8 10];
PentaM = [0 2 4 7 9];
Pentam = [0 3 5 7 10];